muse_id z r_kpc incl PA Mstar eMstar SFR eSFR
3 0.621661 5.308698095035334 51.93525905510012 52.40999984741211 10.08 0.01 0.422 0.115
4 0.76490206 5.54088459426078 37.156182814207504 64.16999816894531 10.05 0.05 0.907 0.145
7 0.61969745 4.665044304482209 37.156182814207504 43.189998626708984 9.417 0.035 0.517 0.23
11 1.0381529 6.134305223592834 59.24200227911282 -74.87999725341797 10.25 0.06 1.097 0.175
12 0.9969102 6.911241180891997 57.411184882060894 -72.4800033569336 10.48 0.07 -0.043 1.745
13 0.9970437 3.4973645787192438 37.156182814207504 -12.880000114440918 9.997 0.063 0.562 0.25
14 0.76511943 3.9251926421033096 37.156182814207504 69.5999984741211 9.302 0.125 0.257 0.055
15 0.6674239 5.766197845373288 83.43995988667604 32.56999969482422 10.23 0.0 -0.003 0.55
17 0.84404457 1.7500252306925006 57.411184882060894 59.970001220703125 9.352 0.02 0.177 0.09
21 0.89374506 3.7225882249828888 62.002337880731346 83.4000015258789 9.522 0.1 0.177 0.29
25 0.83223546 3.801222405314973 74.59928154562773 -16.610000610351562 9.257 0.065 -0.038 0.08
26 1.1348959 3.1632344668904215 43.68074381776564 54.790000915527344 9.757 0.1 0.602 0.28
28 0.7668062 1.0013278790971643 41.828669233991945 -59.20000076293945 9.852 0.075 -0.143 0.33
32 1.3067555 2.3531313730555783 64.79057904529591 -26.309999465942383 9.352 0.16 0.497 0.205
34 1.0377431 2.4367083726616268 57.411184882060894 -83.2699966430664 8.877 0.2 0.502 0.205
36 1.2160971 1.5553742847287786 33.36525772182935 -15.970000267028809 9.977 0.053 0.412 0.21
37 0.9813552 3.1523216441003012 57.411184882060894 -69.87000274658203 8.872 0.06 -0.098 0.405
38 0.76539826 1.7704160163883342 69.55076354117158 1.5800000429153442 8.627 0.03 -0.488 0.0
40 0.9798812 1.160957611575059 33.36525772182935 -81.91999816894531 9.102 0.095 -0.228 0.04
43 1.0998162 2.465373748358008 43.68074381776564 80.48999786376953 9.317 0.02 -0.018 0.11
45 0.83187884 5.146781983557327 90.0 59.09000015258789 9.032 0.095 -0.093 0.48
46 1.4135957 2.368215060019835 52.84772515973276 41.790000915527344 9.302 0.205 0.267 0.06
48 0.46805516 0.6138143952615712 39.96749566015436 -66.44000244140625 7.992 0.09 -1.193 0.345
56 1.3067205 1.4815971798638836 51.022341481448606 -70.3499984741211 9.022 0.005 -0.118 0.02
65 1.3072032 3.7477091656008614 69.55076354117158 -26.979999542236328 8.937 0.14 -0.073 0.1
66 0.95428216 1.5652057145129947 49.19437970442268 -23.299999237060547 8.447 0.08 -0.418 0.405
69 0.5438653 1.594554344188989 81.83861014787196 31.579999923706055 7.852 0.1 -0.713 0.42
72 1.0970231 3.6538102419821468 54.67216748560472 -21.989999771118164 8.792 0.075 -0.468 0.135
84 1.0963908 1.4443726887748571 69.55076354117158 74.31999969482422 8.842 0.11 -0.638 0.055
88 1.3209655 0.34898311650991676 36.213292909607006 -2.5 9.037 0.02 -0.333 0.01
89 1.0964006 1.1894853883262646 53.759952677878935 -85.47000122070312 8.752 0.07 -0.678 0.085
91 0.7189463 10.5283948350013 58.32590431138751 65.8499984741211 7.802 0.0 -1.018 0.0
92 1.4138048 1.5788243934436061 74.59928154562773 86.73999786376953 8.517 0.185 -0.303 0.07
93 0.61806136 1.906164440588813 70.52951109757946 61.400001525878906 7.852 0.185 -0.568 0.38
95 1.0197178 2.1762375133270626 79.14203723594564 -36.36000061035156 8.952 0.095 -0.218 0.31
96 0.62188864 0.7079422358436392 39.96749566015436 15.350000381469727 8.197 0.11 -0.958 0.765
116 1.2229768 1.2106621436571008 54.67216748560472 58.61000061035156 8.702 0.07 -0.653 0.135
181 0.7074188 0.6725812149447657 66.67314343624743 87.94000244140625 7.502 0.04 -1.618 0.03
859 0.45588568 9.012094670486958 39.96749566015436 -87.26000213623047 10.89 0.12 0.322 0.265
863 0.34579465 5.009370329213746 66.67314343624743 37.88999938964844 9.537 0.06 0.827 0.25
864 0.6686628 5.113242756286655 42.75577060143398 51.77000045776367 10.99 0.0 1.937 0.0
867 0.4354745 1.4141004360702254 31.448982536057542 -88.31999969482422 10.44 0.03 0.467 0.17
875 0.6666989 5.106969858744865 48.278962954227964 -13.199999809265137 10.12 0.08 1.007 0.125
876 0.33338323 2.0959610642959796 79.14203723594564 80.0 9.972 0.058 -0.298 0.19
884 0.7371281 1.4424864845111758 37.156182814207504 -40.56999969482422 10.07 0.07 0.832 0.05
887 0.42449337 4.005391560779798 70.52951109757946 -83.48999786376953 9.882 0.095 0.077 0.285
888 0.34341726 2.595211140960803 45.524898852128466 -46.11000061035156 9.442 0.105 -0.228 0.09
896 0.33684304 5.677710030229589 46.444384239052354 -37.529998779296875 8.922 0.115 -0.673 0.31
899 1.0967546 7.477220217299355 53.759952677878935 -40.66999816894531 10.47 0.1 1.257 0.145
901 0.52456486 3.5879172526565566 80.43128749989607 -84.58000183105469 9.452 0.035 -0.283 0.095
905 0.6673476 3.2113998288407886 60.15983908650999 -89.04000091552734 10.32 0.1 1.642 0.26
906 0.45851293 2.8519490061835464 57.411184882060894 -71.06999969482422 8.767 0.09 -0.013 0.16
909 0.7374525 4.783770032489498 41.828669233991945 -36.5 9.247 0.05 0.147 0.13
910 0.28003624 3.0111642127892786 65.72897188909893 -58.36000061035156 8.562 0.135 -0.743 0.26
911 0.6697986 4.897563553600425 89.99653438805784 -78.1500015258789 9.597 0.09 1.142 0.315
915 0.5228885 6.51276379274056 79.14203723594564 -70.48999786376953 8.957 0.045 0.032 0.215
916 1.2884591 5.743618968950983 40.899288580848925 5.619999885559082 10.35 0.04 0.847 0.045
918 0.43414354 2.940818286371795 54.67216748560472 -27.360000610351562 8.912 0.13 -0.338 0.2
925 1.295962 4.9634724189293316 47.36235533351673 4.010000228881836 10.4 0.05 1.137 0.08
926 0.66720974 1.8974815828264289 45.524898852128466 -70.8499984741211 9.257 0.12 0.062 0.275
927 0.52271396 1.5627947753657165 33.36525772182935 14.779999732971191 9.422 0.14 0.382 0.45
929 1.0959085 3.568153769256651 32.40897743859657 -40.880001068115234 9.387 0.145 0.722 0.28
931 0.31023577 3.0431213258615 77.9327286514766 -14.170000076293945 8.427 0.06 -0.703 0.17
933 0.96066546 4.868626858327876 46.444384239052354 15.399999618530273 9.602 0.08 0.227 0.04
934 1.0959116 3.8230239554396266 72.52763898897012 -75.58999633789062 9.877 0.025 0.457 0.03
936 0.66574275 3.57273374948845 35.26726679699608 -77.6500015258789 9.252 0.06 -0.113 0.13
937 0.734574 5.610787634466918 89.99653438805784 -64.13999938964844 9.347 0.075 0.177 0.09
939 1.2965388 5.66036481258171 69.55076354117158 51.9900016784668 10.14 0.12 0.927 0.1
940 0.8939183 1.294885280445074 45.524898852128466 57.599998474121094 10.2 0.01 0.307 0.49
941 0.6706303 2.413477650112597 56.49751534304808 -24.3700008392334 9.252 0.07 -0.153 0.115
943 0.6638881 4.6609742633106475 73.55244109634398 74.9800033569336 9.282 0.055 0.002 0.195
944 0.32327893 0.9778235069807525 47.36235533351673 15.390000343322754 8.292 0.09 -0.893 0.345
945 0.6050775 2.097661142393453 58.32590431138751 -8.4399995803833 8.742 0.21 -0.408 0.155
947 0.95294607 4.693930872744595 56.49751534304808 45.59000015258789 9.352 0.085 0.207 0.09
948 0.7353922 2.579008804754735 69.55076354117158 8.380000114440918 9.892 0.035 0.112 0.59
950 0.9929201 0.7487028207323869 55.58460230410626 -81.2300033569336 9.347 0.065 0.367 0.44
952 0.95262045 1.399821481029203 41.828669233991945 0.5099999904632568 9.812 0.085 0.407 0.14
956 1.3174721 5.495082499457523 45.524898852128466 -15.949999809265137 9.702 0.11 0.702 0.08
958 0.3386575 3.479199238279962 61.07980392276708 -19.1200008392334 8.352 0.055 -0.758 0.33
961 0.3103074 2.140031384863151 59.24200227911282 43.189998626708984 8.147 0.05 -0.938 0.28
963 0.53263175 2.432566234710863 74.59928154562773 -29.450000762939453 8.872 0.06 -0.393 0.11
967 0.36686778 1.1150324424290181 59.24200227911282 16.559999465942383 8.337 0.07 -0.473 0.39
968 1.0879908 4.750968426814714 79.14203723594564 -57.869998931884766 10.06 0.04 1.252 0.465
971 0.6684209 2.044988718942118 49.19437970442268 -6.090000152587891 9.252 0.085 -0.578 0.29
975 1.1121706 5.622413652676674 35.26726679699608 -59.380001068115234 9.727 0.115 0.532 0.195
976 0.62016195 2.050480356448057 42.75577060143398 -85.05000305175781 9.207 0.08 -0.423 0.235
977 0.5249402 3.0671639426580573 30.48512217570619 -40.84000015258789 8.487 0.045 -0.578 0.22
978 0.98010784 2.6537666241578983 32.40897743859657 52.58000183105469 9.202 0.02 0.092 0.02
981 1.0952685 5.77637350726386 37.156182814207504 2.4700000286102295 9.347 0.015 0.362 0.05
982 1.096299 4.24808783416812 68.58280707852482 62.40999984741211 9.757 0.085 0.512 0.1
983 0.60546994 1.7485697784064793 62.9279310768458 71.52999877929688 8.712 0.23 -0.208 0.245
987 0.66444945 2.5498743539920827 30.48512217570619 -61.7400016784668 8.912 0.095 -0.188 0.605
991 1.2966676 3.3962543138144197 40.899288580848925 63.54999923706055 9.782 0.0 0.587 0.035
992 0.4544324 2.4753740869199445 52.84772515973276 -75.19000244140625 8.427 0.075 -0.543 0.24
995 1.0370439 2.8564153313441745 37.156182814207504 -28.18000030517578 9.407 0.135 0.327 0.37
1000 1.4368285 3.950719348388594 67.62404604901911 -79.4000015258789 9.512 0.21 0.627 0.075
1002 0.9905709 3.9908354397699566 72.52763898897012 81.91999816894531 9.432 0.0 0.072 0.0
1003 0.41924307 4.03371832916191 46.444384239052354 -4.309999942779541 8.402 0.05 -0.518 0.33
1005 0.845896 1.5920242860277463 57.411184882060894 -17.600000381469727 9.227 0.075 0.082 0.15
1007 0.669078 2.3380869312234718 39.03314193992836 -26.0 8.787 0.02 -0.558 0.095
1008 0.4357429 2.8881524169990325 51.93525905510012 -23.93000030517578 8.312 0.105 -0.393 0.415
1012 0.4244144 1.334984529513825 50.10877898330662 75.20999908447266 8.397 0.055 -0.473 0.385
1013 0.5223007 1.4970687311883681 60.15983908650999 -38.54999923706055 8.682 0.095 -0.228 0.465
1014 1.4909273 1.6707941781603348 58.32590431138751 46.130001068115234 9.737 0.095 0.777 0.3
1017 1.4382962 1.0535821992103958 45.524898852128466 -69.37000274658203 10.42 0.11 1.322 0.12
1022 0.73607713 1.2140755840302797 49.19437970442268 4.449999809265137 8.932 0.015 -0.368 0.15
1029 1.0373907 2.856621418198677 42.75577060143398 66.77999877929688 9.527 0.085 -0.083 0.11
1031 1.2445835 2.34016775519995 67.62404604901911 13.640000343322754 9.657 0.0 0.282 0.0
1035 0.6823666 3.830323454697796 90.0 -84.95999908447266 9.037 0.17 0.097 0.23
1037 0.66445965 3.1327230510370856 41.828669233991945 24.959999084472656 8.667 0.025 -0.503 0.31
1040 0.6644698 3.9341426130586328 68.58280707852482 0.27000001072883606 8.727 0.07 -0.733 0.11
1041 1.4255874 3.071448301727598 64.79057904529591 78.44000244140625 9.402 0.105 0.417 0.09
1043 0.6048918 2.2371905774856433 48.278962954227964 -5.449999809265137 8.422 0.045 -0.688 0.02
1046 1.088363 2.1211075385071987 51.93525905510012 -25.940000534057617 9.302 0.0 -0.073 0.0
1047 0.9540276 1.8945933181665544 67.62404604901911 30.709999084472656 8.897 0.015 -0.093 0.07
1053 1.0228659 4.020435779240739 80.43128749989607 89.02999877929688 9.167 0.015 0.022 0.065
1060 0.6225554 2.054015085541152 53.759952677878935 75.51000213623047 8.927 0.08 -0.593 0.25
1064 1.4257085 3.5102438044364432 64.79057904529591 -1.649999976158142 9.707 0.065 0.482 0.145
1065 0.52165216 1.8213522593776363 34.31797196015121 75.12999725341797 8.307 0.095 -0.613 0.365
1068 0.52283573 2.0839761455178247 59.24200227911282 37.970001220703125 8.347 0.12 -0.433 0.59
1076 1.0977324 3.6542545969977307 80.43128749989607 -82.30000305175781 9.242 0.145 0.057 0.325
1081 0.55973244 2.830408623833854 33.36525772182935 -65.77999877929688 8.297 0.06 -0.593 0.365
1082 1.2458475 2.3404654197326367 67.62404604901911 -72.5 9.402 0.04 0.232 0.065
1083 0.82789487 0.869650618337897 36.213292909607006 35.150001525878906 9.132 0.05 -0.103 0.57
1086 0.66711795 2.7001072251968288 71.52100036770315 -2.569999933242798 8.907 0.08 -0.668 0.2
1089 1.033495 2.3505952953213742 47.36235533351673 -13.819999694824219 9.137 0.15 -0.043 0.425
1091 1.3148444 2.2673704406308692 35.26726679699608 28.34000015258789 9.352 0.165 0.187 0.06
1093 0.5354612 0.5932955749756477 64.79057904529591 56.560001373291016 7.892 0.0 -0.833 0.045
1097 1.0938272 3.9914977213621015 62.9279310768458 -11.300000190734863 9.307 0.12 0.087 0.13
1098 0.6640777 "" 90.0 "" 8.527 0.09 -0.663 0.065
1099 1.134922 3.5052195118094374 76.78117827895049 -81.48999786376953 8.987 0.08 0.157 0.565
1101 1.3538154 1.4864413157395482 49.19437970442268 -84.9800033569336 9.427 0.0 0.267 0.035
1108 1.0945648 "" 90.0 "" 9.137 0.265 -0.003 0.31
1109 0.33243832 1.7433544705575252 47.36235533351673 -51.72999954223633 8.167 0.19 -0.503 0.46
1110 0.42469302 1.625825570336394 42.75577060143398 28.540000915527344 7.962 0.065 -1.038 0.33
1114 0.42416635 0.46418283344529193 47.36235533351673 63.209999084472656 8.007 0.06 -1.298 0.015
1119 0.86290014 2.963361027651711 54.67216748560472 -72.27999877929688 8.612 0.025 -0.438 0.095
1121 0.73381317 1.1368781978218165 45.524898852128466 -87.11000061035156 8.472 0.03 -0.658 0.01
1122 1.3169605 2.9654883198481676 61.07980392276708 11.270000457763672 9.432 0.025 0.042 0.045
1127 1.4378492 2.1071297862528953 58.32590431138751 -29.520000457763672 9.652 0.06 0.577 0.13
1129 1.0946922 2.802961011872581 77.9327286514766 66.41000366210938 9.127 0.085 -0.103 0.065
1130 0.73155034 1.7411825208086273 56.49751534304808 10.989999771118164 8.432 0.085 -0.378 0.505
1131 0.6213042 1.9814053487366627 54.67216748560472 23.479999542236328 8.397 0.13 -0.698 0.365
1137 1.0959014 2.0389425350738883 64.79057904529591 56.25 9.357 0.09 0.142 0.14
1142 0.97897846 3.896625725867968 55.58460230410626 44.0099983215332 9.212 0.0 0.112 0.0
1144 0.6195958 1.4842230263469194 60.15983908650999 42.18000030517578 8.062 0.015 -0.853 0.05
1149 0.32352582 0.5380781861097721 33.36525772182935 -31.639999389648438 7.612 0.075 -1.258 0.415
1153 1.0947274 2.293345699210931 62.002337880731346 39.04999923706055 9.547 0.07 -0.238 0.13
1158 1.3819783 3.5907154714502862 77.9327286514766 -23.0 9.387 0.095 0.152 0.12
1160 0.43125707 1.8748371773010657 53.759952677878935 24.40999984741211 7.872 0.07 -0.998 0.345
1163 1.4335314 2.2823553919779895 51.022341481448606 -86.75 9.322 0.14 0.157 0.06
1165 0.6653242 2.332599493068004 55.58460230410626 -24.43000030517578 8.532 0.04 -0.953 0.06
1170 1.3064264 2.0916189122916338 76.78117827895049 89.37000274658203 9.252 0.085 0.027 0.09
1190 1.0889701 1.4425076342662406 90.0 -42.0 8.337 0.42 -0.068 0.025
1191 1.0159926 3.094404974465471 77.9327286514766 -87.33999633789062 8.962 0.05 -0.433 0.085
1192 1.0976874 1.4446941631907095 57.411184882060894 66.81999969482422 8.912 0.0 -0.233 0.015
1195 1.4385635 2.194984467946413 55.58460230410626 -34.470001220703125 9.397 0.16 0.172 0.19
1198 0.34764394 0.923286675744391 62.002337880731346 -19.8700008392334 7.757 0.125 -1.588 0.45
1201 0.8589362 3.119165455686363 65.72897188909893 -13.890000343322754 8.757 0.03 -0.623 0.41
1203 0.73615825 2.655900209726173 46.444384239052354 -28.18000030517578 8.587 0.12 -0.883 0.04
1205 0.975097 1.076742726329714 60.15983908650999 -87.29000091552734 8.682 0.145 -0.488 0.02
1207 1.4261563 1.4041226566183145 72.52763898897012 10.130000114440918 9.292 0.06 0.187 0.025
1214 1.4255044 2.6326613458151416 37.156182814207504 37.459999084472656 9.152 0.14 0.242 0.315
1221 1.2239624 4.6702015584223835 58.32590431138751 47.4900016784668 8.947 0.035 -0.183 0.01
1231 0.997723 1.915529839657701 35.26726679699608 89.75 9.092 0.0 -0.003 0.0
1232 1.0933329 2.972136821442808 55.58460230410626 -53.439998626708984 9.082 0.025 -0.343 0.07
1237 0.67737 2.2765970875004733 81.83861014787196 72.47000122070312 8.402 0.07 -0.988 0.445
1258 1.4155946 2.7192965924452848 45.524898852128466 -18.399999618530273 9.097 0.185 -0.073 0.045
1266 1.3063163 4.0089022069958125 80.43128749989607 74.2699966430664 9.052 0.115 0.047 0.285
1272 0.7356984 0.37932532316005724 90.0 23.65999984741211 8.542 0.085 -0.943 0.045
1280 1.0958648 5.776967610114984 37.156182814207504 2.4700000286102295 8.217 0.155 -0.323 0.07
1284 0.9611513 1.3204743280468034 75.67323744931856 -79.94999694824219 8.957 0.09 -0.443 0.39
1285 1.0154939 1.1707260435756126 54.67216748560472 33.7400016784668 8.932 0.14 -0.433 0.33
1288 1.1638325 2.1462336996800824 81.83861014787196 68.25 8.892 0.08 -0.228 0.05
1313 0.9373802 1.1479573295236853 65.72897188909893 62.84000015258789 8.652 0.04 -0.688 0.44
1318 0.93294024 2.1292331701552945 57.411184882060894 -55.29999923706055 8.552 0.08 -0.738 0.115
1319 1.2925994 0.3482180233833425 90.0 -36.0 9.127 0.04 -0.218 0.065
1330 1.3063082 4.008899689965285 56.49751534304808 -21.739999771118164 8.907 0.11 -0.223 0.035
1337 1.0361128 2.1838935909802544 81.83861014787196 -7.050000190734863 8.972 0.07 -0.378 0.365
1345 1.0953832 2.1237087535774215 65.72897188909893 -85.01000213623047 8.662 0.0 -0.338 0.0
1346 0.6636168 2.6941634937759167 52.84772515973276 12.5600004196167 8.237 0.095 -0.663 0.665
1354 0.7181629 0.9772254119951249 40.899288580848925 -24.690000534057617 8.087 0.085 -0.303 0.44
1357 0.38285485 1.5270339931220558 44.60373650231029 -85.08999633789062 7.332 0.085 -1.253 0.3
1371 "" 0.0 49.19437970442268 -35.31999969482422 "" "" "" ""
1375 1.2457054 1.0401919485076154 40.899288580848925 -66.93000030517578 9.062 0.0 -0.273 0.045
1390 1.3411896 3.0578655538149926 74.59928154562773 11.649999618530273 9.132 0.075 -0.238 0.07
1407 1.0364339 1.0920199562527522 62.002337880731346 3.059999942779541 8.772 0.16 -0.583 0.415
1408 0.7381872 1.215378658028545 33.36525772182935 88.66000366210938 7.957 0.155 -0.138 0.15
1416 0.66514283 1.311937458258216 53.759952677878935 79.87999725341797 8.142 0.055 -1.288 0.19
1418 0.53296536 1.9729778691734592 51.93525905510012 -34.90999984741211 8.172 0.03 -1.453 0.75
1427 0.7666654 0.924242023592697 90.0 -5.489999771118164 8.072 0.085 -0.828 0.7
1436 1.3062428 1.3072432990749945 68.58280707852482 9.119999885559082 9.082 0.045 -0.318 0.085
1452 1.135342 0.8549858377511609 51.93525905510012 76.2300033569336 8.737 0.0 -0.558 0.0
1462 0.41904458 2.016293811521545 41.828669233991945 33.189998626708984 7.707 0.19 -1.103 0.455
1463 1.381798 1.5763967447362 58.32590431138751 -11.390000343322754 8.782 0.045 -0.303 0.045
1493 0.7371552 -7584.5466804923535 90.0 -999.0 7.557 0.12 -0.878 0.5
1495 0.90438145 2.2735575755565365 62.9279310768458 -1.9600000381469727 8.162 0.08 -0.758 0.0
1496 1.4380801 1.9315520721810044 63.85713806515504 -27.719999313354492 9.102 0.075 -0.313 0.045
1499 1.0334361 1.6789758407867783 38.096085045119274 87.16000366210938 8.622 0.08 -0.688 0.13
1507 0.69481456 0.6678034313102217 73.55244109634398 27.780000686645508 7.817 0.155 -0.503 0.355
1545 0.99212974 0.4158674607574275 90.0 35.959999084472656 8.372 0.06 -0.763 0.095
1561 0.73266226 0.9847113772130436 60.15983908650999 21.270000457763672 7.537 0.13 -0.653 0.16
1563 1.0212708 0.9210293726846858 55.58460230410626 88.36000061035156 8.617 0.04 -0.833 0.06
1565 0.62441283 1.0638334303115986 50.10877898330662 -32.150001525878906 7.672 0.07 -1.398 0.38
1587 1.426145 2.5449711485000184 37.156182814207504 -32.09000015258789 8.947 0.115 -0.428 0.06
1597 1.2150519 0.8639947570318104 90.0 34.81999969482422 8.392 0.335 -0.563 0.03
1605 1.0956206 0.9344701156764816 42.75577060143398 -56.060001373291016 8.562 0.0 -0.733 0.0
1700 0.99107206 0.7483717658859279 90.0 32.189998626708984 8.212 0.055 -0.878 0.105
1846 0.8570126 0.6393897931437235 40.899288580848925 66.2699966430664 8.122 0.18 -1.288 0.03
1904 0.42343602 0.3477843141111913 62.002337880731346 8.989999771118164 6.987 0.085 -1.468 0.25
2108 0.62052345 0.28289869300565107 90.0 51.5099983215332 7.072 0.06 -1.153 0.16
2260 0.6244796 "" 90.0 "" 6.487 0.145 -1.558 0.055
2478 0.7339901 "" 90.0 "" 7.097 0.375 -1.063 0.12
2532 0.7524198 "" 90.0 "" 7.377 0.195 -1.578 0.69
6314 "" 0.0 35.26726679699608 29.459999084472656 "" "" "" ""
6411 "" "" 90.0 "" "" "" "" ""
6450 "" "" 90.0 "" "" "" "" ""
6465 "" "" 90.0 "" "" "" "" ""
6466 "" "" 90.0 "" "" "" "" ""
6530 "" "" 90.0 "" "" "" "" ""
6865 "" "" 90.0 "" "" "" "" ""
6866 "" 0.0 48.278962954227964 -56.83000183105469 "" "" "" ""
6877 0.73435026 4.472952729996949 49.19437970442268 13.720000267028809 9.307 0.065 0.267 0.22
6879 1.4265369 4.651226863724058 57.411184882060894 -54.060001373291016 9.337 0.14 0.362 0.09
6881 1.136561 1.2827142464958017 59.24200227911282 4.389999866485596 9.242 0.025 -0.113 0.375
6885 1.2157588 0.8640638172561714 53.759952677878935 -36.279998779296875 8.817 0.0 -0.333 0.03
6887 0.99634886 1.2488541481041167 39.96749566015436 60.459999084472656 8.797 0.09 -0.493 0.06
6893 1.4131321 1.2279385155829126 64.79057904529591 43.40999984741211 9.372 0.125 -0.128 0.15
6901 1.3415313 0.6989563512181081 45.524898852128466 51.119998931884766 9.072 0.035 -0.298 0.03
6907 0.53504723 2.50404600778533 67.62404604901911 86.56999969482422 7.497 0.125 -1.723 0.12
6927 1.4165387 1.228119060232728 73.55244109634398 66.83999633789062 8.677 0.15 -0.548 0.09
6935 0.66666836 1.386150999008215 38.096085045119274 40.88999938964844 9.017 0.05 0.077 0.385
6943 1.2205966 4.495564137541867 51.022341481448606 -74.23999786376953 10.02 0.16 0.157 0.65
6949 0.90704346 1.4627796532585653 36.213292909607006 0.7799999713897705 8.557 0.11 -0.403 0.175
6951 0.66462225 0.9471994445406894 39.03314193992836 -30.670000076293945 8.677 0.1 -0.533 1.065
6953 1.0373474 22.348660950870695 32.40897743859657 -72.08000183105469 8.762 0.085 -0.233 0.095
6955 0.4240754 6.613771259906477 53.759952677878935 75.51000213623047 7.682 0.125 -0.728 0.29
6961 0.82738924 1.6599147200381152 45.524898852128466 -47.459999084472656 8.272 0.085 -0.548 0.32
6963 0.43107304 0.8200373256582587 66.67314343624743 83.05999755859375 7.832 0.06 -1.523 0.1
6965 1.099807 1.5302296922530925 61.07980392276708 -37.849998474121094 8.877 0.06 -0.208 0.07
6971 1.0867779 1.0178458958921863 48.278962954227964 71.22000122070312 8.652 0.0 0.197 0.29
6977 1.4383444 1.0535840619553167 67.62404604901911 76.5199966430664 9.207 0.02 0.052 0.035
6987 0.83247685 3.0887799202188386 57.411184882060894 38.2599983215332 8.647 0.0 -1.023 0.035
7025 1.1871787 1.1194624195786333 64.79057904529591 -15.109999656677246 8.942 0.04 -0.518 0.02
7039 1.3435055 0.8738078984795469 30.48512217570619 2.8299999237060547 8.632 0.05 -0.428 0.045
7049 0.72167945 0.9790652652407968 70.52951109757946 63.0 8.242 0.125 -0.968 0.85
7055 1.1876212 16.362283097525488 68.58280707852482 -65.66999816894531 8.717 0.035 -0.608 0.07
7097 0.7196836 1.0532555432079846 66.67314343624743 -12.630000114440918 7.797 0.215 -0.768 0.365
7217 0.737305 0.7592716975176517 79.14203723594564 24.1299991607666 7.462 0.08 -1.778 0.6
7381 "" 0.0 52.84772515973276 83.8499984741211 "" "" "" ""
7382 1.0938524 4.161366969314933 73.55244109634398 83.13999938964844 9.512 0.25 1.442 0.03
